2
0.0
0.0
2.220446049250313E-16
2.220446049250313E-16
5.551115123125783E-16
0.0
3
0.0
4.47545209131181E-16
2.3261755676969824E-15
6.206335383118183E-16
1.2060109012779447E-15
3.188872858294072E-16
4
0.0
9.566618574882216E-16
2.1657033775669E-14
2.00839928189706E-15
5.647969799394705E-15
1.4010381148703524E-15
5
0.0
7.0989191639864565E-15
4.312827069161987E-14
6.852423862263361E-15
6.121347318850488E-15
6.109758142029123E-15
6
0.0
6.742320078084291E-15
1.276629520417383E-13
3.437463888944727E-14
8.154699590873025E-14
1.8588217958125542E-14
7
0.0
5.54583141638554E-14
2.581852706094867E-13
9.615507676506832E-14
2.2406707457970733E-13
1.0072190925723077E-13
8
0.0
2.0168741568280275E-13
2.7015222617784514E-12
8.330937240649556E-13
4.898904354049515E-13
6.673160165710809E-13
9
0.0
1.0792199096084945E-12
7.94194858671734E-12
2.7607359375455417E-12
8.33275389780133E-12
3.2925189948015996E-12
10
0.0
5.254793363337613E-12
4.387736727586704E-11
1.3277450822669948E-11
1.9441174299614652E-11
1.643642353230043E-11
11
0.0
2.0420960080108427E-11
1.392242080241955E-10
8.17248463013442E-11
1.280252180708688E-10
5.974229727656793E-11
12
0.0
6.131337674256881E-11
4.903980267731921E-10
5.244623691416534E-10
1.8986258419495915E-10
4.948345607245718E-10
