0.8985487585718301
26
8
1.0033645922230254
26
7
0.6869036017953898
26
8
0.8353167759235121
26
8
1.5008199087399745
26
9
0.9156161215286193
26
8
1.3178471094390316
26
9
1.0558861145239362
26
8
1.2491606008988476
26
8
0.9320465502336477
26
8
1.2638036572792708
26
8
0.8565156999537407
26
7
1.2353566951177541
26
8
1.2417187094999051
26
9
0.6417960151885859
26
8
0.8678861145165557
26
8
1.3942606066429863
26
9
0.22679996655207474
26
7
0.6615268519086094
26
7
0.86751815517317
26
7
1.050129680321673
26
8
1.8211965841921254
26
7
1.0109487897855767
26
8
1.083511805592315
26
7
0.7700234013221895
26
8
0.8086188677945284
26
8
0.9792216649249442
26
8
1.0405774602026832
26
7
1.0365693193487613
26
8
0.885757290336185
26
8
0.7507346712682013
26
8
0.7007978750648742
26
3
1.0829169017536864
26
8
0.7506767977024266
26
7
1.2620546025234267
26
8
1.1784474851488396
26
9
0.7766099081926642
26
8
0.9341169641751745
26
6
0.8342124875999997
26
7
1.037349229921284
26
8
0.8178904850705977
26
8
0.648298094039519
26
8
0.9053480823721035
26
8
1.6223321706775617
26
8
1.181649306330369
26
9
1.2375932918787325
26
8
0.9731712563731226
26
7
0.9937745195595287
26
7
0.9270201516154661
26
9
1.5358881364882961
26
9
0.9948088666515592
26
8
1.1604425888110086
26
7
0.6984137826851261
26
8
1.364749197140079
26
9
0.671373837723401
26
7
0.9487144257713518
26
7
1.013461400711584
26
7
0.7827013203266964
26
8
0.8343316150070417
26
7
1.0155678266577624
26
8
1.0553497744069384
26
9
0.7715524426991436
26
8
0.4758511524469979
26
8
0.8583217019064596
26
8
1.1921600645304018
26
8
1.1903450532356443
26
9
0.31129381176390986
26
8
0.8435189160980008
26
9
1.3303660630771594
26
8
1.2962019158894598
26
9
1.0453058254807486
26
8
1.2038532637522448
26
7
0.41303418638752315
26
8
0.802785260754139
26
8
0.5578563940515785
26
8
1.3196023441354199
26
8
0.4771157849165043
26
7
1.1609171938165748
26
9
0.8882962972748435
26
8
0.5658156032911227
26
8
0.7449178618448601
26
8
1.1385259352537245
26
9
1.289737256487176
26
7
1.1264738867033552
26
7
0.4874518198179304
26
8
0.24667206202238534
26
7
1.3009434213764501
26
9
1.2706418287388288
26
8
0.8269319775838364
26
8
0.6594143989356958
26
8
0.9533024836870952
26
8
1.0520680243418332
26
8
0.584690821880072
26
8
0.9867803451723673
26
9
1.2170027412903057
26
8
0.832725190770574
26
7
0.8801666652682149
26
8
0.8714866284832005
26
8
0.34431594054969183
26
7
0.641288516994034
26
8
