4.236166955752127E-6
8
1.0603569351045129E-6
9
3.379329909058382E-6
8
7.371468272022298E-6
8
1.3398786409594356E-6
9
2.9505713642972654E-6
8
3.7023596765482685E-6
8
2.0508811424754666E-5
7
1.2225979821845636E-6
9
1.2828488510817727E-6
9
6.944341485438531E-7
9
1.2661658129598695E-5
7
1.0215871944837843E-4
6
2.6785761603188164E-6
8
9.456162840073994E-6
8
2.9194695498880075E-6
8
5.667622211786595E-6
8
3.038057314910315E-6
8
4.645611216630443E-6
8
2.789683008004218E-5
7
1.549301126499289E-5
6
6.738067016272124E-6
8
4.344646196967067E-6
8
1.3430726481426213E-6
9
1.7616816338707674E-6
8
1.0181964773379731E-5
7
1.4454006970701403E-5
7
5.871941492149429E-6
8
6.515929497269777E-6
8
1.2922212540243733E-6
9
2.213349846064881E-6
8
2.287008534665484E-6
8
1.2223006857306942E-6
8
9.923348040125946E-6
8
4.0733073503269795E-6
8
5.761992183082667E-6
8
1.984675407669042E-5
7
2.444261532740185E-5
7
2.4109362421159563E-5
7
9.84737157109213E-6
8
9.500228696579588E-7
9
7.513668711091623E-6
8
6.461255931780081E-6
7
7.231006312303831E-6
8
6.7342592557410515E-6
8
5.37058791998858E-6
8
2.230309739085511E-5
7
8.875377647652173E-6
8
4.273389942100975E-6
8
1.1907595433877179E-6
9
6.549524335788812E-6
8
6.49746482012645E-7
9
6.0737720503307725E-6
8
7.434006158669932E-7
9
5.860515361433962E-6
8
8.843797264672846E-6
8
2.6179070905874825E-5
7
1.4136193276017396E-6
8
5.524196661394752E-6
8
3.868328911632755E-6
8
1.4255860929812096E-6
9
6.787471696703981E-7
9
4.043460719861521E-6
8
5.119893608347701E-6
8
1.0213980108992081E-6
8
7.518158471229254E-6
7
2.2306582272750526E-6
8
3.956775388039995E-6
8
4.756107513793644E-6
8
1.268231000451567E-6
8
2.3816161726593384E-5
7
5.260613189222266E-6
8
2.194647248078698E-5
7
1.2483052475598753E-6
9
5.754257780785833E-6
8
2.960148183541549E-4
5
3.5522136187820146E-5
6
1.5171169965141537E-6
9
1.0508659950077084E-6
9
4.265701918406181E-6
8
1.4362362395938933E-5
7
7.259305267830726E-6
8
3.119958452940515E-5
7
9.660520846187833E-6
8
8.430516768502243E-7
9
1.6267729419494342E-6
9
1.3563865054602024E-6
9
1.4445386715450114E-6
9
1.127933252924698E-4
6
4.180884869284244E-4
5
9.969804874202267E-5
6
6.461351300842336E-6
8
7.221676060183604E-6
7
1.039469580718026E-5
8
4.164114555522452E-6
8
3.2229049169428537E-6
8
9.9098736187937E-6
8
1.6384205798535085E-5
7
4.446634934938058E-6
8
1.0516972757488281E-5
7
