1.1628173158668906
26
8
0.6110704841124933
26
8
1.1651434519637764
26
9
0.8908552755132306
26
9
1.348970147555014
26
8
1.3020331454482141
26
8
0.8711314483014588
26
8
0.9343801579742732
26
9
0.9041855005662884
26
8
0.8971468636928138
26
7
0.44267202768328134
26
7
1.0636754498627723
26
8
1.298216976335664
26
8
1.0057305189750967
26
9
1.340330928064273
26
9
1.2223911239304692
26
9
1.0180707134468068
26
7
0.8508278657919575
26
3
0.819873528706348
26
8
1.1523448795588458
26
8
1.0700893437219134
26
8
1.1249342068242103
26
8
1.1072323806230318
26
7
0.5543872073331622
26
8
0.7508007342179172
26
8
1.277686055406018
26
8
0.9457445246892959
26
9
0.821846537840155
26
8
0.4423883571864363
26
8
1.0243849653210833
26
9
0.9469315058110432
26
8
1.2670761468914211
26
9
1.3019295189464195
26
9
1.3429299027125803
26
9
0.911165879659343
26
7
1.078130097462923
26
8
0.9324190451399909
26
7
0.9321392364463764
26
8
1.1413779280138763
26
9
0.9171080249729832
26
8
1.1357262743759593
26
8
0.8594945495879218
26
7
0.44474853112709933
26
8
0.8249304635513843
26
8
1.097256652939023
26
9
0.5460064735141757
26
8
0.8982925545725008
26
8
1.2572645068635626
26
9
0.9554317398118011
26
8
1.4744421457381955
26
9
0.9513165539471603
26
8
0.8367922356729866
26
8
0.7444216235272378
26
8
1.2864366589118141
26
7
0.7732045233719351
26
8
1.5601173556828327
26
8
1.029471657231896
26
9
1.130650906598155
26
8
0.9876455043514931
26
7
1.0038573495969465
26
7
0.9381735385233804
26
8
1.0083966336884669
26
7
1.3840901008565683
26
8
1.171455613757855
26
8
0.5350047025752112
26
8
0.8048950842964232
26
8
0.5503081641252976
26
8
0.9087725851150814
26
8
1.2139270355884186
26
9
1.084860005442985
26
8
0.5830134434374644
26
7
0.5832813326235587
26
8
1.1554314043733023
26
9
1.0306571848008206
26
7
0.9673138671034568
26
7
0.9800777373197888
26
6
1.0886372112537264
26
9
1.0073389001219397
26
8
1.05456862976909
26
6
1.1209520842421943
26
5
0.8778553085341864
26
8
1.072260282755457
26
7
0.5166066424060648
26
8
0.7247336334488214
26
8
1.1115659911979756
26
9
1.1165951228738058
26
8
0.42396642689825625
26
7
0.914770607228097
26
8
1.3485852395167743
26
8
1.2900832868091159
26
9
0.895330240498309
26
8
0.977813630547011
26
9
1.3296277860142718
26
7
1.280040068312836
26
8
1.1309624487120578
26
5
0.885414584875231
26
8
1.1749058910058878
26
9
1.1364575434349455
26
9
0.7868489677685111
26
8
0.9818852799359523
26
8
1.216187704969724E-6
9
26
1.1510638499304224E-6
8
26
1.3753323298164816E-6
9
26
7.341087108583806E-7
9
26
1.568441408384811E-6
9
26
7.611213163839305E-6
8
26
2.0020511095208163E-5
7
26
5.007483053246885E-6
7
26
8.615453569315967E-7
9
26
7.608402921873002E-6
8
26
3.384879530490618E-6
8
26
4.669065994095494E-6
8
26
6.042468347770314E-5
6
26
6.555737008308392E-7
9
26
1.00749072724537E-5
8
26
3.954426976267335E-6
8
26
6.833808853675002E-5
6
26
4.6744174798934996E-6
8
26
7.81753702862384E-6
8
26
6.183650128263685E-6
8
26
3.3315132937557707E-6
8
26
5.559149870139432E-6
8
26
1.018658216278177E-5
8
26
9.157167781626412E-6
6
26
1.5718326460672978E-6
8
26
9.90002008019879E-7
9
26
8.007372971517085E-5
6
26
3.5972862421146935E-6
8
26
2.551013801603581E-6
8
26
6.462871958988995E-6
8
26
1.0547174874144586E-6
9
26
2.744239311666448E-6
8
26
9.37916408735327E-6
8
26
1.3189309269580207E-6
8
26
7.04883050563998E-6
8
26
1.165266155478962E-4
6
26
3.396662867848743E-6
8
26
1.3747998422079413E-6
9
26
1.0517140340972228E-4
6
26
5.651030980078056E-6
8
26
1.1768115548613575E-5
6
26
6.786147443548464E-6
8
26
9.579015643713495E-7
9
26
2.0301608823663873E-6
8
26
6.904076913488085E-6
8
26
1.0666198862198148E-6
9
26
6.203935932486486E-6
8
26
4.255973526853304E-6
7
26
5.63033846400472E-6
8
26
8.63493692802645E-6
8
26
1.9960131338007766E-6
8
26
2.702077595645093E-6
8
26
2.5973121401262148E-6
8
26
1.5815822878640736E-5
7
26
4.705401564832026E-6
8
26
7.933288658395062E-6
8
26
1.1654285743048444E-5
7
26
5.055958122969371E-6
8
26
2.4472937080253067E-6
8
26
1.2588942797603188E-6
9
26
1.3725988223062751E-5
7
26
1.7109551427994993E-6
9
26
1.8083538077612E-5
7
26
6.066345529234379E-6
8
26
2.0626441349724643E-6
8
26
2.7291460695387228E-5
6
26
4.7381091006436984E-6
8
26
6.100575208127142E-6
8
26
5.35512434411799E-5
6
26
3.383603262659161E-5
7
26
1.5167461380192697E-6
8
26
3.4804110655010496E-6
8
26
1.7151640626094885E-5
7
26
6.179419496103849E-6
7
26
1.4921957791640626E-5
7
26
7.263500790314438E-6
8
26
8.637648380229746E-5
6
26
1.2276458771199098E-6
9
26
1.323221011677366E-6
9
26
1.1761832500242422E-4
6
26
2.2574895066395354E-5
7
26
4.936530341068041E-6
8
26
1.535077291272315E-5
7
26
3.997872111839801E-5
7
26
7.897693759437491E-7
9
26
5.201649058726485E-6
8
26
7.134407524869142E-6
8
26
2.8390032052560546E-6
7
26
1.6701848241842675E-6
8
26
2.456872559313609E-6
8
26
8.514369878146818E-7
9
26
9.69181837948431E-7
9
26
3.693026064075933E-6
8
26
9.222222727949076E-6
8
26
1.2253946511397452E-5
7
26
7.750621208558595E-7
9
26
6.413931595211407E-6
7
26
2.5303658224087555E-6
8
26
6.865142328028153E-6
8
26
3.208785434961462E-5
7
26
1.2314688395121534
26
8
0.3286959688502927
26
6
0.40290228288401614
26
8
1.1363584608478743
26
7
1.4071217373172782
26
9
1.3268474748183254
26
8
0.8543721423387719
26
8
0.8636780893302056
26
8
1.3397566794279894
26
8
1.2547457002443443
26
8
1.0183111163907148
26
6
0.7901421652124974
26
8
0.8407630822032727
26
8
1.3675245974145793
26
9
1.4500236697264872
26
7
0.7572884585270783
26
8
1.1913192143944782
26
8
0.8377777123515012
26
9
1.319368019566187
26
7
0.8965751011988551
26
8
0.69961099578921
26
8
1.0623653522458183
26
7
1.4565587239362323
26
8
1.082757284960075
26
8
0.5916776277802761
26
6
0.9364000031763078
26
8
0.3774117640425823
26
8
1.1350876449125162
26
9
1.1568461988480871
26
7
1.1021626352993374
26
9
0.8527339835922151
26
7
0.3660046693239204
26
8
1.1988678289134924
26
7
0.7428466149361648
26
8
1.1416164546193774
26
8
1.129630316576965
26
8
0.805809056104087
26
8
1.032335360766061
26
8
1.4681187794024255
26
9
1.299401506612011
26
9
1.456117432765622
26
9
1.0905537902661935
26
8
1.2317887872239184
26
8
0.6619094934376178
26
7
0.9202684685731055
26
8
1.1898427016069457
26
8
1.2684899191353518
26
9
0.42591628570341195
26
8
0.49520506998278513
26
8
0.2587007050032248
26
8
1.315934204674429
26
8
0.4234459521259502
26
8
1.2249383387928545
26
8
1.3305627826486957
26
9
0.8929911027218456
26
8
1.270986234978698
26
7
1.1302112634370667
26
6
0.748776339079739
26
7
1.3901120068427908
26
9
1.2751917084644633
26
6
0.4779984667581066
26
8
1.0563677419614699
26
9
0.7804566321347501
26
7
0.4110926586635075
26
8
0.43146034163277597
26
8
1.223257242300428
26
8
1.1017564330267366
26
5
1.0111212757010384
26
9
0.9653638613717493
26
8
1.1123003186183273
26
8
1.0614711886011075
26
8
0.7193646047189467
26
8
1.2354709921261104
26
8
1.0738634515430137
26
8
0.7456361657768438
26
8
1.3501732457182
26
8
0.816643703178146
26
8
0.8461517910683138
26
5
0.4222434967923215
26
7
0.8456389385501011
26
8
0.9170259408616928
26
8
1.2384056436016277
26
9
1.0260544719051052
26
8
1.405397929658773
26
7
1.0054277708770551
26
8
0.7137470403033853
26
8
1.3140148761821175
26
9
0.9183030306902724
26
8
1.1019691941982297
26
9
0.8641083947575231
26
7
0.7464568628655808
26
7
0.853407291836078
26
8
1.3037853484850939
26
7
0.3141284529181348
26
8
1.3119688905642073
26
8
0.6874138110674191
26
6
0.9914516618740254
26
9
0.8990225488181299
26
7
0.9742099331947862
26
8
0.9094610037640399
26
8
0.6420172325265683
26
8
1.4148893570716115
26
8
0.9675908273596715
26
8
0.9650261616117516
26
8
1.213819709342552
26
9
0.8652554927802769
26
8
0.6774097875542215
26
8
0.983423581109071
26
8
0.41519885045057553
26
8
0.5743400834649448
26
7
0.9885933716390105
26
8
1.1972938305414895
26
7
1.3999543632237932
26
9
1.2638341374063917
26
6
0.9715668161688266
26
8
0.5742653093987582
26
8
1.2630055309495543
26
8
1.3439206401095432
26
9
1.1623589342213632
26
8
0.5909396759125463
26
8
0.9454583065999731
26
8
0.7214901068159933
26
7
0.9116557078416854
26
9
0.46847217813420466
26
8
1.0407484521937453
26
8
1.0399476131731695
26
9
1.092566978858888
26
7
1.363529612090626
26
7
0.8660917867933754
26
8
0.7414924805156669
26
8
1.2662675206284615
26
7
0.9441054461272504
26
8
0.6223821901140011
26
8
1.3140518345327195
26
8
1.2527942242577905
26
9
1.2906982926421406
26
8
1.1873657549427783
26
8
1.220975264749211
26
8
0.4512073786522495
26
7
1.0011610014027466
26
8
1.1494165590758543
26
9
1.5919942252603765
26
7
0.8513045138098806
26
8
0.6860833694282221
26
8
1.1643344991078985
26
8
0.9858544090109215
26
7
1.128689570054827
26
8
0.965960349147292
26
7
1.0048850355953365
26
7
0.7515228729322184
26
8
0.8702188812107657
26
8
0.4147099691448909
26
8
1.0835779069084512
26
8
0.5982394259321173
26
8
1.2210798763896473
26
9
1.2653749070037708
26
8
0.7714688472248361
26
8
0.6459833500057708
26
8
0.9133979404432314
26
8
1.0262171593814755
26
7
1.3326649054455402
26
9
0.8433459565525145
26
8
1.318314933254405
26
5
0.5072249213446329
26
8
0.7687485086771094
26
8
0.594316153462686
26
8
1.1591185434467446
26
9
0.5891912326329606
26
8
0.9607545999399818
26
8
0.34826534708657186
26
7
1.292795689670428
26
7
1.4491934349460767
26
9
0.920466342212149
26
8
0.8724918747419087
26
8
0.7342973413381014
26
8
1.4094560210061342
26
7
0.8596031884737259
26
9
0.8791833922589898
26
7
0.727859504129798
26
8
0.9746265097436773
26
8
1.057055780752174
26
8
1.1238333520843522
26
8
0.717344067079039
26
8
1.4514777404369177
26
7
1.015824388161794
26
9
1.3639598086969784
26
9
0.9043207767473157
26
7
1.230688257281691
26
9
0.7466511136066241
26
8
1.0492118392556606
26
7
1.1980232149721435
26
8
0.9914825935463116
26
8
1.1428534030496962
26
9
1.152412955417487
26
8
0.9343833144453184
26
8
1.2763846745254794
26
9
0.5832069461627705
26
8
0.932905874241743
26
9
0.821483672627969
26
8
0.9651858938352884
26
8
0.5976820710607406
26
8
1.1184964777288953
26
8
0.46696612571591944
26
8
0.8698574352596966
26
8
0.6682486827359275
26
7
1.4795332279570894
26
9
0.6779364517421619
26
8
0.821100657114989
26
8
1.0810614920820898
26
9
1.4296319281623977
26
7
1.2847672580562388
26
8
1.1067543354621179
26
8
1.1266834839999926
26
8
1.171903586403925
26
9
1.305024869606177
26
7
1.058259493884269
26
8
0.7953849866429988
26
8
1.1060440511284155
26
6
1.3139452855731768
26
9
1.0227651911108728
26
8
0.9834739785510128
26
9
1.3865031298819988
26
7
1.219093285559496
26
9
1.1790215615394881
26
9
1.2585565174790039
26
8
0.5306276462152015
26
8
0.6590322364676017
26
8
0.48210271130582266
26
8
1.0917604879748435
26
9
0.9076769437092568
26
8
1.0098937508861894
26
8
1.0246993118053678
26
8
1.1296181839574557
26
6
0.37394432799895855
26
7
1.018483775210827
26
8
1.1249705074569714
26
9
0.7139087216041382
26
8
0.95641368419758
26
8
1.1213455301454494
26
7
1.379305054329612
26
9
0.82876919577284
26
7
0.8774913306453151
26
8
1.3278048823058606
26
8
1.2314866639269442
26
8
0.5043762947025638
26
7
1.4493302859270312
26
8
0.9183316170615763
26
8
0.9740343497298305
26
8
0.5534404018458936
26
7
1.0195439216140434
26
8
1.1494874436964353
26
8
1.106507570774937
26
8
0.996370141434469
26
8
1.2085766600658285
26
8
0.7658029673742162
26
7
1.131087807572701
26
9
1.1103288502530364
26
9
0.9535762729518719
26
8
1.1805498533501932
26
8
0.6140483529446152
26
8
0.9047139388345211
26
8
1.5456700730898083
26
7
0.9228557783570367
26
8
1.1025610864949338
26
7
1.2270388541928547
26
8
0.7788854307443495
26
7
1.0842913557672103
26
8
1.3969862870718823
26
8
0.9635827582779862
26
9
0.4858666563718703
26
8
1.0029189433700016
26
8
0.7753821501107193
26
8
0.7804595023668839
26
8
0.8086460886512363
26
8
0.27956155672916866
26
7
0.9433842021951873
26
8
1.1400312151875265
26
9
1.2603493757002144
26
9
1.3014874633372597
26
8
0.7230280156219755
26
8
1.0604448514203375
26
7
1.1738252782086531
26
5
1.1323143960057367
26
7
1.0267459082184553
26
8
1.0266877360186146
26
8
0.8476737338759012
26
8
0.5284785675008664
26
8
1.0979735675859799
26
8
1.34570892892078
26
9
1.0255595756019338
26
8
1.098701656150021
26
8
1.3756825105773092
26
8
0.2601215816115946
26
8
0.6010363216460872
26
8
1.05747178482099
26
8
1.090086922477026
26
8
1.1828651828704322
26
7
0.7781127375888787
26
7
0.805789528082888
26
8
0.8489396475258876
26
8
1.2926239614346207
8
0.44019581413875786
8
0.31751757788852925
7
1.2175857798770937
9
1.2469281615389212
8
0.9897507677442176
8
0.3164121493233457
7
0.8780474724491474
8
0.3230870211316793
5
0.8294743786670371
8
1.037056843002274
9
1.025089091219384
9
0.8924779194927422
8
1.0875209038699565
9
1.013630400592986
8
0.8086278475273111
8
0.844575121205294
8
0.9341946235651742
8
1.0465083096501724
8
0.24853935388896037
8
1.2494184201098664
8
1.3284692662930346
8
1.0473006171538801
9
1.365414480635808
9
0.5229373880359016
8
1.1043938226948817
9
1.1176114569249873
7
0.9174357638818906
8
1.333700107861806
9
1.415730228601057
9
1.0722487410096235
8
0.8606116005263643
8
0.6216392672263669
7
1.005866760539775
9
0.6788988178729237
8
1.1327105584321149
9
1.1631309735556832
8
0.7100520818122469
7
1.0564524344664354
9
1.4904931443396705
8
0.6008007772413922
7
1.2455416927814829
9
1.1170108427519387
9
1.1848682554344325
7
0.39578869538607536
8
1.064510982931137
9
1.4853920540052665
9
1.3450639643228288
8
0.9686245649093653
8
1.600820400780949
9
0.8613707909101553
8
0.8042406921912504
7
1.1653697778166843
9
1.1606928872780722
7
0.5066192724829187
7
1.1812592862841607
8
0.9339452027837971
8
0.6080331201884595
8
0.8900163665240229
8
0.684525769305988
8
1.089408723359532
9
0.8258154269950937
8
0.8653959858051566
8
0.5892486830121458
8
0.8993559946487356
7
0.9976184339879417
9
1.4400196128329408
8
0.9623119764437744
8
1.202524116238818
8
0.3551088315519887
8
1.2171895928498093
8
0.7601701540267101
8
1.142974310618142
8
1.1555544116498933
8
1.2412704670889627
9
0.6689826244382412
8
0.7396984819915094
8
0.6531255040597519
8
0.7639293017595192
8
0.672342899524007
8
0.6364159850105724
7
0.8962302400905809
8
0.44988921367677864
8
0.8988295102793366
8
0.9686543731895921
8
1.228035732017878
8
0.9655790473330679
7
0.6640105581926767
8
1.2747228996150537
9
1.0751945746769802
7
1.1411177214217905
8
1.3210976588895003
8
0.9664532036980571
8
1.077849878902618
9
0.9245666015953923
8
0.3585392436700045
6
1.209831557171898
7
1.430903047402791
8
0.9517640680435531
8
1.0077139909368915
8
